   0.0000000e+00   2.7315000e+02   2.9815000e+02   3.2315000e+02   3.4815000e+02   3.7315000e+02   4.2315000e+02   4.7315000e+02   5.2315000e+02   5.7315000e+02   6.2315000e+02   6.4815000e+02   6.7315000e+02   6.9815000e+02   7.2315000e+02   7.4815000e+02   7.7315000e+02   8.2315000e+02   8.7315000e+02   9.2315000e+02   9.7315000e+02   1.0231500e+03   1.0731500e+03
   1.0000000e+05   1.7920000e-03   8.9080000e-04   5.4710000e-04   3.7840000e-04   1.2280000e-05   1.4190000e-05   1.6180000e-05   1.8220000e-05   2.0290000e-05   2.2370000e-05   2.3410000e-05   2.4450000e-05   2.5490000e-05   2.6520000e-05   2.7550000e-05   2.8570000e-05   3.0610000e-05   3.2610000e-05   3.4600000e-05   3.6550000e-05   3.8480000e-05   4.0380000e-05
   5.0000000e+05   1.7910000e-03   8.9070000e-04   5.4710000e-04   3.7850000e-04   2.8240000e-04   1.8200000e-04   1.6070000e-05   1.8150000e-05   2.0250000e-05   2.2350000e-05   2.3390000e-05   2.4440000e-05   2.5480000e-05   2.6520000e-05   2.7550000e-05   2.8580000e-05   3.0620000e-05   3.2630000e-05   3.4610000e-05   3.6570000e-05   3.8500000e-05   4.0390000e-05
   1.0000000e+06   1.7900000e-03   8.9060000e-04   5.4720000e-04   3.7860000e-04   2.8260000e-04   1.8210000e-04   1.5930000e-05   1.8070000e-05   2.0200000e-05   2.2320000e-05   2.3370000e-05   2.4420000e-05   2.5470000e-05   2.6520000e-05   2.7550000e-05   2.8580000e-05   3.0630000e-05   3.2640000e-05   3.4630000e-05   3.6590000e-05   3.8520000e-05   4.0420000e-05
   2.5000000e+06   1.7860000e-03   8.9030000e-04   5.4750000e-04   3.7900000e-04   2.8300000e-04   1.8250000e-04   1.3390000e-04   1.7830000e-05   2.0060000e-05   2.2240000e-05   2.3320000e-05   2.4390000e-05   2.5460000e-05   2.6520000e-05   2.7570000e-05   2.8610000e-05   3.0670000e-05   3.2700000e-05   3.4700000e-05   3.6660000e-05   3.8590000e-05   4.0500000e-05
   5.0000000e+06   1.7800000e-03   8.8980000e-04   5.4790000e-04   3.7960000e-04   2.8360000e-04   1.8320000e-04   1.3450000e-04   1.0610000e-04   1.9860000e-05   2.2150000e-05   2.3270000e-05   2.4380000e-05   2.5470000e-05   2.6550000e-05   2.7620000e-05   2.8670000e-05   3.0760000e-05   3.2810000e-05   3.4820000e-05   3.6790000e-05   3.8730000e-05   4.0630000e-05
   7.5000000e+06   1.7750000e-03   8.8930000e-04   5.4830000e-04   3.8020000e-04   2.8430000e-04   1.8380000e-04   1.3510000e-04   1.0680000e-04   1.9740000e-05   2.2130000e-05   2.3280000e-05   2.4400000e-05   2.5520000e-05   2.6610000e-05   2.7700000e-05   2.8770000e-05   3.0870000e-05   3.2930000e-05   3.4950000e-05   3.6930000e-05   3.8880000e-05   4.0780000e-05
   1.0000000e+07   1.7690000e-03   8.8890000e-04   5.4870000e-04   3.8090000e-04   2.8490000e-04   1.8440000e-04   1.3570000e-04   1.0750000e-04   8.6420000e-05   2.2180000e-05   2.3350000e-05   2.4490000e-05   2.5620000e-05   2.6720000e-05   2.7820000e-05   2.8890000e-05   3.1010000e-05   3.3090000e-05   3.5110000e-05   3.7090000e-05   3.9040000e-05   4.0940000e-05
   1.2500000e+07   1.7640000e-03   8.8850000e-04   5.4910000e-04   3.8150000e-04   2.8560000e-04   1.8510000e-04   1.3630000e-04   1.0820000e-04   8.7400000e-05   2.2390000e-05   2.3520000e-05   2.4650000e-05   2.5770000e-05   2.6880000e-05   2.7980000e-05   2.9060000e-05   3.1180000e-05   3.3260000e-05   3.5280000e-05   3.7270000e-05   3.9210000e-05   4.1110000e-05
   1.5000000e+07   1.7590000e-03   8.8810000e-04   5.4950000e-04   3.8210000e-04   2.8630000e-04   1.8570000e-04   1.3690000e-04   1.0880000e-04   8.8320000e-05   2.2910000e-05   2.3840000e-05   2.4910000e-05   2.6010000e-05   2.7100000e-05   2.8190000e-05   2.9270000e-05   3.1380000e-05   3.3450000e-05   3.5480000e-05   3.7460000e-05   3.9390000e-05   4.1290000e-05
   1.7500000e+07   1.7540000e-03   8.8770000e-04   5.5000000e-04   3.8270000e-04   2.8690000e-04   1.8630000e-04   1.3750000e-04   1.0950000e-04   8.9210000e-05   6.6850000e-05   2.4450000e-05   2.5320000e-05   2.6340000e-05   2.7390000e-05   2.8460000e-05   2.9520000e-05   3.1620000e-05   3.3680000e-05   3.5690000e-05   3.7660000e-05   3.9590000e-05   4.1480000e-05
   2.0000000e+07   1.7490000e-03   8.8740000e-04   5.5040000e-04   3.8340000e-04   2.8760000e-04   1.8690000e-04   1.3810000e-04   1.1010000e-04   9.0060000e-05   6.9210000e-05   2.5790000e-05   2.5960000e-05   2.6800000e-05   2.7770000e-05   2.8790000e-05   2.9820000e-05   3.1890000e-05   3.3920000e-05   3.5930000e-05   3.7880000e-05   3.9800000e-05   4.1680000e-05
   2.2500000e+07   1.7440000e-03   8.8710000e-04   5.5090000e-04   3.8400000e-04   2.8820000e-04   1.8760000e-04   1.3870000e-04   1.1070000e-04   9.0880000e-05   7.1100000e-05   4.7650000e-05   2.7030000e-05   2.7440000e-05   2.8260000e-05   2.9200000e-05   3.0180000e-05   3.2190000e-05   3.4200000e-05   3.6180000e-05   3.8120000e-05   4.0030000e-05   4.1890000e-05
   2.5000000e+07   1.7390000e-03   8.8680000e-04   5.5130000e-04   3.8460000e-04   2.8890000e-04   1.8820000e-04   1.3930000e-04   1.1140000e-04   9.1670000e-05   7.2710000e-05   5.8090000e-05   2.9000000e-05   2.8360000e-05   2.8890000e-05   2.9700000e-05   3.0610000e-05   3.2540000e-05   3.4500000e-05   3.6450000e-05   3.8380000e-05   4.0260000e-05   4.2110000e-05
   2.7500000e+07   1.7350000e-03   8.8660000e-04   5.5180000e-04   3.8520000e-04   2.8950000e-04   1.8880000e-04   1.3990000e-04   1.1200000e-04   9.2430000e-05   7.4140000e-05   6.1870000e-05   3.3730000e-05   2.9700000e-05   2.9710000e-05   3.0320000e-05   3.1120000e-05   3.2930000e-05   3.4840000e-05   3.6750000e-05   3.8640000e-05   4.0510000e-05   4.2350000e-05
   3.0000000e+07   1.7310000e-03   8.8640000e-04   5.5230000e-04   3.8590000e-04   2.9020000e-04   1.8940000e-04   1.4050000e-04   1.1260000e-04   9.3180000e-05   7.5430000e-05   6.4490000e-05   4.3830000e-05   3.1730000e-05   3.0780000e-05   3.1060000e-05   3.1710000e-05   3.3370000e-05   3.5200000e-05   3.7070000e-05   3.8930000e-05   4.0770000e-05   4.2590000e-05
   3.5000000e+07   1.7220000e-03   8.8600000e-04   5.5330000e-04   3.8720000e-04   2.9150000e-04   1.9060000e-04   1.4160000e-04   1.1380000e-04   9.4610000e-05   7.7710000e-05   6.8310000e-05   5.5780000e-05   3.9350000e-05   3.3970000e-05   3.3060000e-05   3.3190000e-05   3.4400000e-05   3.6020000e-05   3.7770000e-05   3.9550000e-05   4.1330000e-05   4.3100000e-05
   4.0000000e+07   1.7140000e-03   8.8580000e-04   5.5430000e-04   3.8840000e-04   2.9280000e-04   1.9180000e-04   1.4280000e-04   1.1490000e-04   9.5980000e-05   7.9720000e-05   7.1210000e-05   6.1290000e-05   4.8690000e-05   3.9050000e-05   3.5920000e-05   3.5160000e-05   3.5650000e-05   3.6980000e-05   3.8560000e-05   4.0240000e-05   4.1940000e-05   4.3650000e-05
   4.5000000e+07   1.7070000e-03   8.8560000e-04   5.5530000e-04   3.8970000e-04   2.9420000e-04   1.9310000e-04   1.4390000e-04   1.1610000e-04   9.7280000e-05   8.1520000e-05   7.3610000e-05   6.5010000e-05   5.5070000e-05   4.5220000e-05   3.9720000e-05   3.7680000e-05   3.7150000e-05   3.8070000e-05   3.9440000e-05   4.0980000e-05   4.2600000e-05   4.4240000e-05
   5.0000000e+07   1.7000000e-03   8.8550000e-04   5.5640000e-04   3.9100000e-04   2.9550000e-04   1.9430000e-04   1.4500000e-04   1.1720000e-04   9.8550000e-05   8.3190000e-05   7.5700000e-05   6.7890000e-05   5.9440000e-05   5.0710000e-05   4.4080000e-05   4.0700000e-05   3.8880000e-05   3.9300000e-05   4.0410000e-05   4.1790000e-05   4.3300000e-05   4.4850000e-05
   5.5000000e+07   1.6940000e-03   8.8560000e-04   5.5750000e-04   3.9230000e-04   2.9680000e-04   1.9550000e-04   1.4610000e-04   1.1830000e-04   9.9760000e-05   8.4730000e-05   7.7570000e-05   7.0300000e-05   6.2760000e-05   5.5060000e-05   4.8360000e-05   4.4020000e-05   4.0840000e-05   4.0650000e-05   4.1450000e-05   4.2650000e-05   4.4030000e-05   4.5500000e-05
   6.0000000e+07   1.6870000e-03   8.8570000e-04   5.5860000e-04   3.9360000e-04   2.9810000e-04   1.9670000e-04   1.4720000e-04   1.1940000e-04   1.0090000e-04   8.6190000e-05   7.9270000e-05   7.2400000e-05   6.5460000e-05   5.8520000e-05   5.2160000e-05   4.7370000e-05   4.2960000e-05   4.2120000e-05   4.2570000e-05   4.3570000e-05   4.4810000e-05   4.6170000e-05
   6.5000000e+07   1.6820000e-03   8.8590000e-04   5.5970000e-04   3.9500000e-04   2.9940000e-04   1.9790000e-04   1.4830000e-04   1.2040000e-04   1.0210000e-04   8.7570000e-05   8.0850000e-05   7.4280000e-05   6.7760000e-05   6.1360000e-05   5.5400000e-05   5.0530000e-05   4.5180000e-05   4.3670000e-05   4.3750000e-05   4.4520000e-05   4.5610000e-05   4.6870000e-05
   7.0000000e+07   1.6760000e-03   8.8620000e-04   5.6090000e-04   3.9630000e-04   3.0080000e-04   1.9900000e-04   1.4930000e-04   1.2150000e-04   1.0320000e-04   8.8880000e-05   8.2330000e-05   7.5980000e-05   6.9790000e-05   6.3790000e-05   5.8180000e-05   5.3380000e-05   4.7410000e-05   4.5280000e-05   4.4980000e-05   4.5510000e-05   4.6440000e-05   4.7580000e-05
   8.0000000e+07   1.6670000e-03   8.8710000e-04   5.6330000e-04   3.9900000e-04   3.0340000e-04   2.0140000e-04   1.5150000e-04   1.2350000e-04   1.0540000e-04   9.1350000e-05   8.5050000e-05   7.9040000e-05   7.3280000e-05   6.7810000e-05   6.2720000e-05   5.8200000e-05   5.1700000e-05   4.8550000e-05   4.7520000e-05   4.7550000e-05   4.8150000e-05   4.9040000e-05
   9.0000000e+07   1.6590000e-03   8.8830000e-04   5.6580000e-04   4.0170000e-04   3.0610000e-04   2.0380000e-04   1.5360000e-04   1.2550000e-04   1.0740000e-04   9.3650000e-05   8.7540000e-05   8.1750000e-05   7.6270000e-05   7.1110000e-05   6.6350000e-05   6.2090000e-05   5.5510000e-05   5.1730000e-05   5.0060000e-05   4.9620000e-05   4.9880000e-05   5.0520000e-05
   1.0000000e+08   1.6530000e-03   8.8990000e-04   5.6840000e-04   4.0440000e-04   3.0870000e-04   2.0610000e-04   1.5560000e-04   1.2750000e-04   1.0940000e-04   9.5820000e-05   8.9840000e-05   8.4220000e-05   7.8920000e-05   7.3970000e-05   6.9420000e-05   6.5320000e-05   5.8800000e-05   5.4660000e-05   5.2500000e-05   5.1650000e-05   5.1580000e-05   5.1980000e-05
